%%MatrixMarket matrix coordinate real general
% Generated 16-May-2020
6867 6867 98671
1 1  13270982.2487112
4 1  7641342.76075229
64 1 -6458634.04414171
65 1 -34581.4703949094
67 1 -3718838.31311658
68 1 -15187758.7329762
2 2  280878501.297697
4 2 -1.19209289550781e-07
5 2 -120201185.23
64 2  34581.4703949094
65 2  144182405.056196
67 2 -15108318.1796432
68 2 -61702465.2926698
3 3  0.0784407451839861
6 3 -0.0310349672201667
66 3  0.0175018037663341
69 3 -0.00872288375478703
1 4  7641342.76075229
2 4 -1.19209289550781e-07
4 4  18004538.4497681
5 4  2.38418579101563e-07
7 4  10379364.4925594
8 4 -4.17232513427734e-07
64 4 -3718838.31311658
65 4  15108318.1796432
67 4 -8762329.965525091
68 4 -46527.8110076785
70 4 -5051360.66244835
71 4 -15341205.6006514
2 5 -120201185.23
4 5  2.38418579101563e-07
5 5  210341959.263914
7 5  1.78813934326172e-07
8 5 -90132095.204845
64 5  15187758.7329763
65 5 -61702465.29267
67 5  46527.8110077381
68 5  107974122.014258
70 5 -15234286.5439848
71 5 -46267201.6550059
3 6 -0.0310349672201667
6 6  0.0608938580529319
9 6 -0.0226515263116196
66 6 -0.00872288375478719
69 6  0.0120595058496641
72 6 -0.00684253360882017
4 7  10379364.4925594
5 7  1.78813934326172e-07
7 7  24491579.1709867
8 7 -5.96046447753906e-08
10 7  14141449.9773201
11 7 -1.78813934326172e-07
67 7 -5051360.66244835
68 7  15234286.5439849
70 7 -11919400.1628652
71 7 -62594.6767757535
73 7 -6882267.60544378
74 7 -15547702.6557603
4 8 -4.17232513427734e-07
5 8 -90132095.204845
7 8 -5.96046447753906e-08
8 8  157934140.828476
10 8  3.57627868652344e-07
11 8 -67790491.6895189
67 8  15341205.6006514
68 8 -46267201.6550064
70 8  62594.6767759323
71 8  81071794.9528046
73 8 -15403800.2774274
74 8 -34798662.3659289
6 9 -0.0226515263116196
9 9  0.0486493085567645
12 9 -0.0161922206565396
69 9 -0.00684253360882028
72 9  0.00763025668709499
75 9 -0.00555753750584237
7 10  14141449.9773201
8 10  3.57627868652344e-07
10 10  33432897.7849969
11 10 -5.96046447753906e-08
13 10  19344278.4525877
14 10 -1.78813934326172e-07
70 10 -6882267.60544378
71 10  15403800.2774274
73 10 -16270902.1329493
74 10 -84198.8874218464
76 10 -9414345.844450001
77 10 -15825579.7798492
7 11 -1.78813934326172e-07
8 11 -67790491.6895189
10 11 -5.96046447753906e-08
11 11  118996100.603047
14 11 -51190282.4706213
70 11  15547702.6557602
71 11 -34798662.3659286
73 11  84198.8874218464
74 11  61083863.2928624
76 11 -15631901.5431827
77 11 -26277333.469546
9 12 -0.0161922206565396
12 12  0.0406519046173806
15 12 -0.0110718684973291
72 12 -0.00555753750584245
75 12  0.00380408627497759
78 12 -0.00475900207422214
10 13  19344278.4525877
13 13  45848202.986361
14 13 -3.57627868652344e-07
16 13  26599324.0107186
73 13 -9414345.844450001
74 13  15631901.5431827
76 13 -22313100.977505
77 13 -113241.788132668
79 13 -12945183.5569018
80 13 -16199493.1463152
10 14 -1.78813934326172e-07
11 14 -51190282.4706213
13 14 -3.57627868652344e-07
14 14  90066300.4590015
16 14 -5.96046447753906e-08
17 14 -38855782.2001667
73 14  15825579.7798492
74 14 -26277333.4695463
76 14  113241.788132727
77 14  46233427.4484477
79 14 -15938821.5679821
80 14 -19945706.4289719
12 15 -0.0110718684973291
15 15  0.0362510495532749
18 15 -0.00681541827466917
75 15 -0.0047590020742222
78 15  0.00021147400994493
81 15 -0.00438561159284881
13 16  26599324.0107186
14 16 -5.96046447753906e-08
16 16  63248540.0214543
17 16 -1.78813934326172e-07
19 16  36821327.4289157
20 16 -1.19209289550781e-07
76 16 -12945183.5569018
77 16  15938821.5679821
79 16 -30781382.2300578
80 16 -152273.895347655
82 16 -17919960.7500163
83 16 -16702604.96833
14 17 -38855782.2001667
16 17 -1.78813934326172e-07
17 17  68572877.6458659
19 17  1.19209289550781e-07
20 17 -29690538.9179736
76 17  16199493.1463153
77 17 -19945706.4289719
79 17  152273.895347834
80 17  35200281.867171
82 17 -16351767.0416637
83 17 -15240943.2915442
15 18 -0.00681541827466917
18 18  0.0351648450244562
21 18 -0.00300849737583914
78 18 -0.00438561159284884
81 18 -0.00352018085139021
84 18 -0.00442169283896529
16 19  36821327.4289157
17 19  1.19209289550781e-07
19 19  87918782.0963774
20 19 -1.19209289550781e-07
22 19  51407619.1153753
79 19 -17919960.7500163
80 19  16351767.0416638
82 19 -42787732.9109461
83 19 -204715.725036979
85 19 -25018720.9693131
86 19 -17379513.5267001
16 20 -1.19209289550781e-07
17 20 -29690538.9179736
19 20 -1.19209289550781e-07
20 20  52604991.5106499
22 20 -1.19209289550781e-07
23 20 -22879869.1434501
79 20  16702604.96833
80 20 -15240943.2915443
82 20  204715.725036979
83 20  27003541.2198484
85 20 -16907320.6933671
86 20 -11744845.359252
18 21 -0.00300849737583914
21 21  0.0374947730476189
24 21  0.000752507932667987
81 21 -0.00442169283896532
84 21 -0.00781902935637574
87 21 -0.00490218970167366
19 22  51407619.1153753
20 22 -1.19209289550781e-07
22 22  114349680.789843
23 22 -2.38418579101563e-07
25 22  63201609.7309065
26 22 -2.38418579101563e-07
82 22 -25018720.9693131
83 22  16907320.6933672
85 22 -55650948.3396056
86 22 -256145.387894869
88 22 -30758542.5234458
89 22 -18191214.469596
20 23 -22879869.1434501
22 23 -2.38418579101563e-07
23 23  43239993.4205754
26 23 -20318603.9682993
82 23  17379513.5267003
83 23 -11744845.3592522
85 23  256145.387895226
86 23  22196238.618378
88 23 -17635658.9145962
89 23 -10430079.8261084
21 24  0.000752507932667987
24 24  0.0420422411016741
27 24  0.00300811635447576
84 24 -0.00490218970167369
87 24 -0.0118882944124837
90 24 -0.00549231352769994
22 25  63201609.7309065
25 25  129358029.996436
26 25 -3.57627868652344e-07
28 25  66141565.1527269
29 25 -1.19209289550781e-07
85 25 -30758542.5234458
86 25  17635658.9145963
88 25 -62955112.730401
89 25 -277921.332305193
91 25 -32189340.6351413
92 25 -19024691.3585675
22 26 -2.38418579101563e-07
23 26 -20318603.9682993
25 26 -3.57627868652344e-07
26 26  41626261.6631114
29 26 -21264655.3066353
85 26  18191214.4695961
86 26 -10430079.8261085
88 26  277921.332305312
89 26  21367867.1839095
91 26 -18469135.8019011
92 26 -10915713.1399831
24 27  0.00300811635447576
27 27  0.0455957389907082
30 27  0.00314785093784266
87 27 -0.00549231352769994
90 27 -0.0139375272921523
93 27 -0.00574781562674059
25 28  66141565.1527269
28 28  135237279.592559
31 28  69081505.8111219
32 28 -2.38418579101563e-07
88 28 -32189340.6351413
89 28  18469135.8019011
91 28 -65816387.1414628
92 28 -277909.114945054
94 28 -33620131.5618703
95 28 -19858156.0285133
25 29 -1.19209289550781e-07
26 29 -21264655.3066353
29 29  43516451.4065299
31 29  2.38418579101563e-07
32 29 -22210665.1843542
88 29  19024691.3585676
89 29 -10915713.1399832
91 29  277909.114945412
92 29  22338151.849791
94 29 -19302600.4735137
95 29 -11401325.1710204
27 30  0.00314785093784266
30 30  0.0476675928310994
33 30  0.00328759283504898
90 30 -0.00574781562674062
93 30 -0.0145712257274724
96 30 -0.00600331580925204
28 31  69081505.8111219
29 31  2.38418579101563e-07
31 31  141116555.942235
32 31 -2.38418579101563e-07
34 31  72021434.0560956
35 31 -4.76837158203125e-07
91 31 -33620131.5618703
92 31  19302600.4735138
94 31 -68677674.5727663
95 31 -277898.393121243
97 31 -35050916.4473176
98 31 -20691609.9766353
28 32 -2.38418579101563e-07
29 32 -22210665.1843542
31 32 -2.38418579101563e-07
32 32  45406719.2965364
34 32 -1.19209289550781e-07
35 32 -23156638.5009059
91 32  19858156.0285133
92 32 -11401325.1710205
94 32  277898.393121481
95 32  23308476.6303947
97 32 -20136054.4216352
98 32 -11886918.4342381
30 33  0.00328759283504898
33 33  0.0497394743412483
36 33  0.00342734126958408
93 33 -0.00600331580925206
96 33 -0.0152049170181533
99 33 -0.0062588143331036
31 34  72021434.0560956
32 34 -1.19209289550781e-07
34 34  146995856.446939
35 34 -2.38418579101563e-07
37 34  74961351.4061041
38 34 -5.96046447753906e-07
94 34 -35050916.4473176
95 34  20136054.4216355
97 34 -71538973.7596803
98 34 -277888.933473229
100 34 -36481696.0304744
101 34 -21525054.4667753
31 35 -4.76837158203125e-07
32 35 -23156638.5009059
34 35 -2.38418579101563e-07
35 35  47297055.7485795
37 35  1.19209289550781e-07
38 35 -24102579.5442721
94 35  20691609.9766355
95 35 -11886918.4342383
97 35  277888.933473468
98 35  24278836.6057152
100 35 -20969498.9101089
101 35 -12372495.1307716
33 36  0.00342734126958408
36 36  0.0518113803115539
39 36  0.00356709548322916
96 36 -0.00625881433310363
99 36 -0.015838602114722
102 36 -0.00651431139639319
34 37  74961351.4061041
35 37  1.19209289550781e-07
37 37  152875177.737848
38 37 -4.76837158203125e-07
40 37  77901258.44155359
41 37 -1.19209289550781e-07
97 37 -36481696.0304744
98 37  20969498.910109
100 37 -74400283.06268691
101 37 -277880.544405937
103 37 -37912470.5938103
104 37 -22358490.5661817
34 38 -5.96046447753906e-07
35 38 -24102579.5442721
37 38 -4.76837158203125e-07
38 38  49187453.033309
41 38 -25048492.1756412
97 38  21525054.4667753
98 38 -12372495.1307716
100 38  277880.544406176
101 38  25249227.8080715
103 38 -21802935.0111818
104 38 -12858057.2426709
36 39  0.00356709548322916
39 39  0.0538833078148426
42 39  0.00370685467898459
99 39 -0.00651431139639322
102 39 -0.0164722816434822
105 39 -0.00676980713638242
37 40  77901258.44155359
40 40  146707033.243803
41 40 -4.76837158203125e-07
43 40  68523936.7545829
100 40 -37912470.5938103
101 40  21802935.011182
103 40 -71398411.1867342
104 40 -257728.383644462
106 40 -33348777.5330372
107 40 -23088411.7831591
37 41 -1.19209289550781e-07
38 41 -25048492.1756412
40 41 -4.76837158203125e-07
41 41  55583832.2143104
44 41 -30502846.8658878
100 41  22358490.5661818
101 41 -12858057.2426711
103 41  257728.383644819
104 41  28532659.3636975
106 41 -22616218.9498264
107 41 -15657922.569864
39 42  0.00370685467898459
42 42  0.0539262218998129
45 42  0.0010020250639065
102 42 -0.00676980713638245
105 42 -0.0152253906204841
108 42 -0.00653451243124803
40 43  68523936.7545829
43 43  121135043.983582
44 43 -2.38418579101563e-07
46 43  52288878.0604169
47 43  3.57627868652344e-07
103 43 -33348777.5330372
104 43  22616218.9498265
106 43 -58953204.1337821
107 43 -206603.673450947
109 43 -25447606.2633532
110 43 -23645853.3832777
41 44 -30502846.8658878
43 44 -2.38418579101563e-07
44 44  72695545.0571318
47 44 -42167445.5187039
103 44  23088411.7831591
104 44 -15657922.5698642
106 44  206603.673451304
107 44  37316556.6818862
109 44 -23295015.4566119
110 44 -21645671.2919672
42 45  0.0010020250639065
45 45  0.0516674469871472
48 45 -0.00427317545694181
105 45 -0.00653451243124809
108 45 -0.0107344071654263
111 45 -0.00627927196399081
43 46  52288878.0604169
46 46  92075872.2202034
47 46  2.38418579101563e-07
49 46  39609886.0997572
50 46 -2.38418579101563e-07
106 46 -25447606.2633532
107 46  23295015.4566121
109 46 -44810878.1010866
110 46 -153328.242740631
112 46 -19277078.0950187
113 46 -24059853.2043525
43 47  3.57627868652344e-07
44 47 -42167445.5187039
46 47  2.38418579101563e-07
47 47  100051312.704569
49 47 -1.19209289550781e-07
50 47 -57865541.7757273
106 47  23645853.3832777
107 47 -21645671.2919673
109 47  153328.242740631
110 47  51358999.7866938
112 47 -23799181.6260196
113 47 -29703921.6111083
45 48 -0.00427317545694181
48 48  0.0512227818452085
51 48 -0.0101497971425993
108 48 -0.00627927196399083
111 48 -0.00509568036136893
114 48 -0.0065309071386449
46 49  39609886.0997572
47 49 -1.19209289550781e-07
49 49  69556568.63777021
50 49  1.19209289550781e-07
52 49  29849216.3223765
53 49 -7.15255737304688e-07
109 49 -19277078.0950187
110 49  23799181.6260196
112 49 -33851331.9730949
113 49 -113830.075507402
115 49 -14526819.7174376
116 49 -24367361.5165275
46 50 -2.38418579101563e-07
47 50 -57865541.7757273
49 50  1.19209289550781e-07
50 50  136871637.415399
52 50  1.19209289550781e-07
53 50 -78992711.44501071
109 50  24059853.2043527
110 50 -29703921.6111084
112 50  113830.075507641
113 50  70259851.7530975
115 50 -24173683.2798613
116 50 -40549059.7067025
48 51 -0.0101497971425993
51 51  0.0550415611304014
54 51 -0.0170850632058256
111 51 -0.00653090713864496
114 51  0.000344299443348246
117 51 -0.00734352285006176
49 52  29849216.3223765
50 52  1.19209289550781e-07
52 52  52312177.0013583
53 52 -2.38418579101563e-07
55 52  22409276.3614813
56 52 -7.15255737304688e-07
112 52 -14526819.7174376
113 52  24173683.2798615
115 52 -25458945.1929282
116 52 -84526.6168479919
118 52 -10905998.819881
119 52 -24595790.5117093
49 53 -7.15255737304688e-07
50 53 -78992711.44501071
52 53 -2.38418579101563e-07
53 53  186429661.84512
55 53  1.19209289550781e-07
56 53 -107427129.976101
112 53  24367361.5165275
113 53 -40549059.7067025
115 53  84526.6168479919
116 53  95699303.7601562
118 53 -24451888.1333765
119 53 -55145202.9895372
51 54 -0.0170850632058256
54 54  0.0636613242045372
57 54 -0.025659509649292
114 54 -0.0073435228500619
117 54  0.00597271940395813
120 54 -0.008806877503142799
52 55  22409276.3614813
53 55  1.19209289550781e-07
55 55  39216626.038919
56 55 -1.19209289550781e-07
58 55  16777762.1491638
59 55 -3.57627868652344e-07
115 55 -10905998.819881
116 55  24451888.1333765
118 55 -19085688.8210725
119 55 -62776.9460117817
121 55 -8165290.63845435
122 55 -24765486.5143888
52 56 -7.15255737304688e-07
53 56 -107427129.976101
55 56 -1.19209289550781e-07
56 56  253130917.973646
58 56  3.57627868652344e-07
59 56 -145696558.395584
115 56  24595790.5117096
116 56 -55145202.9895375
118 56  62776.9460119009
119 56  129938832.544539
121 56 -24658567.4577228
122 56 -74789918.4237161
54 57 -0.025659509649292
57 57  0.0779576840676079
60 57 -0.0366155143546698
117 57 -0.00880687750314291
120 57  0.0122367072922047
123 57 -0.0110607308129786
55 58  16777762.1491638
56 58  3.57627868652344e-07
58 58  29330417.9041152
59 58 -8.34465026855469e-07
61 58  12536341.6504959
62 58 -1.19209289550781e-07
118 58 -8165290.63845435
119 58  24658567.4577228
121 58 -14274334.2418212
122 58 -46629.0258414745
124 58 -6101104.09856722
125 58 -24891556.0935632
55 59 -3.57627868652344e-07
56 59 -145696558.395584
58 59 -8.34465026855469e-07
59 59  342904950.044481
61 59 -2.38418579101563e-07
62 59 -197203056.432615
118 59  24765486.5143884
119 59 -74789918.42371459
121 59  46629.0258414745
122 59  176022230.870937
124 59 -24812115.54023
125 59 -101229573.750533
57 60 -0.0366155143546698
60 60  0.0992619101750916
63 60 -0.0509160691586978
120 60 -0.0110607308129788
123 60  0.0196637334979298
126 60 -0.0143107834213847
58 61  12536341.6504959
59 61 -2.38418579101563e-07
61 61  21898730.855468
62 61 -4.76837158203125e-07
121 61 -6101104.09856722
122 61  24812115.5402303
124 61 -10657529.7875705
125 61 -34637.6020843983
58 62 -1.19209289550781e-07
59 62 -197203056.432615
61 62 -4.76837158203125e-07
62 62  463732421.378017
121 62  24891556.0935633
122 62 -101229573.750535
124 62  34637.6020845175
125 62  238046185.478438
60 63 -0.0509160691586978
63 63  0.129501214233567
123 63 -0.0143107834213849
126 63  0.0288978210516067
1 64 -6458634.04414171
2 64  34581.4703949094
4 64 -3718838.31311658
5 64  15187758.7329763
64 64  12581919.8709194
65 64 -1.78813934326172e-07
67 64  7244585.24725297
68 64  2.98023223876953e-07
127 64 -6123285.70827469
128 64 -34581.4703950882
130 64 -3525746.98485079
131 64 -15187758.732976
1 65 -34581.4703949094
2 65  144182405.056196
4 65  15108318.1796432
5 65 -61702465.29267
64 65 -1.78813934326172e-07
65 65  296261114.78812
67 65 -1.78813934326172e-07
68 65 -126784132.536458
127 65  34581.4703950882
128 65  152078709.685712
130 65 -15108318.179643
131 65 -65081667.2288158
3 66  0.0175018037663341
6 66 -0.00872288375478719
66 66  0.0823590105232581
69 66 -0.0328433299795494
129 66  0.018644089671037
132 66 -0.00914770078153559
1 67 -3718838.31311658
2 67 -15108318.1796432
4 67 -8762329.965525091
5 67  46527.8110077381
7 67 -5051360.66244835
8 67  15341205.6006514
64 67  7244585.24725297
65 67 -1.78813934326172e-07
67 67  17069698.0658994
68 67 -5.96046447753906e-08
70 67  9840442.085751301
71 67  3.57627868652344e-07
127 67 -3525746.98485079
128 67  15108318.1796432
130 67 -8307368.01163167
131 67 -46527.8110077381
133 67 -4789081.46133128
134 67 -15341205.600651
1 68 -15187758.7329762
2 68 -61702465.2926698
4 68 -46527.8110076785
5 68  107974122.014258
7 68  15234286.5439849
8 68 -46267201.6550064
64 68  2.98023223876953e-07
65 68 -126784132.536458
67 68 -5.96046447753906e-08
68 68  221861563.096752
70 68 -2.38418579101563e-07
71 68 -95068276.42657571
127 68  15187758.7329759
128 68 -65081667.2288158
130 68  46527.8110077381
131 68  113887441.043808
133 68 -15234286.5439847
134 68 -48801074.7615185
3 69 -0.00872288375478703
6 69  0.0120595058496641
9 69 -0.00684253360882028
66 69 -0.0328433299795494
69 69  0.0637164271604536
72 69 -0.0240397099161326
129 69 -0.00914770078153565
132 69  0.0129693040979114
135 69 -0.00714541578766817
4 70 -5051360.66244835
5 70 -15234286.5439848
7 70 -11919400.1628652
8 70  62594.6767759323
10 70 -6882267.60544378
11 70  15547702.6557602
67 70  9840442.085751301
68 70 -2.38418579101563e-07
70 70  23219915.506667
71 70  5.96046447753906e-08
73 70  13407190.7414342
74 70 -1.19209289550781e-07
130 70 -4789081.46133128
131 70  15234286.5439847
133 70 -11300515.2771709
134 70 -62594.6767756939
136 70 -6524923.16459304
137 70 -15547702.6557605
4 71 -15341205.6006514
5 71 -46267201.6550059
7 71 -62594.6767757535
8 71  81071794.9528046
10 71  15403800.2774274
11 71 -34798662.3659286
67 71  3.57627868652344e-07
68 71 -95068276.42657571
70 71  5.96046447753906e-08
71 71  166583574.06721
73 71 -2.98023223876953e-07
74 71 -71503110.9439301
130 71  15341205.600651
131 71 -48801074.7615185
133 71  62594.6767756939
134 71  85511779.0798078
136 71 -15403800.2774271
137 71 -36704448.5720432
6 72 -0.00684253360882017
9 72  0.00763025668709499
12 72 -0.00555753750584245
69 72 -0.0240397099161326
72 72  0.0506166415475167
75 72 -0.0172801702678019
132 72 -0.0071454157876682
135 72  0.00838734666946539
138 72 -0.00576400026980603
7 73 -6882267.60544378
8 73 -15403800.2774274
10 73 -16270902.1329493
11 73  84198.8874218464
13 73 -9414345.844450001
14 73  15825579.7798492
70 73  13407190.7414342
71 73 -2.98023223876953e-07
73 73  31696978.6318631
74 73 -3.57627868652344e-07
76 73  18339875.4301656
77 73  1.78813934326172e-07
133 73 -6524923.16459304
134 73  15403800.2774273
136 73 -15426076.4487122
137 73 -84198.887422204
139 73 -8925529.607315
140 73 -15825579.7798491
7 74 -15547702.6557603
8 74 -34798662.3659289
10 74 -84198.8874218464
11 74  61083863.2928624
13 74  15631901.5431827
14 74 -26277333.4695463
70 74 -1.19209289550781e-07
71 74 -71503110.9439301
73 74 -3.57627868652344e-07
74 74  125513050.151572
76 74 -1.78813934326172e-07
77 74 -53993773.3970172
133 74  15547702.6557604
134 74 -36704448.5720432
136 74  84198.887422204
137 74  64429186.8250625
139 74 -15631901.5431826
140 74 -27716439.925163
9 75 -0.00555753750584237
12 75  0.00380408627497759
15 75 -0.0047590020742222
72 75 -0.0172801702678019
75 75  0.0419267024575378
78 75 -0.0119534090028965
135 75 -0.00576400026980603
138 75  0.00447551400511323
141 75 -0.00488571227403264
10 76 -9414345.844450001
11 76 -15631901.5431827
13 76 -22313100.977505
14 76  113241.788132727
16 76 -12945183.5569018
17 76  16199493.1463153
73 76  18339875.4301656
74 76 -1.78813934326172e-07
76 76  43467650.32586
77 76  5.96046447753906e-08
79 76  25218220.9895397
80 76 -1.78813934326172e-07
136 76 -8925529.607315
137 76  15631901.5431827
139 76 -21154549.31036
140 76 -113241.788132489
142 76 -12273037.4490337
143 76 -16199493.1463154
10 77 -15825579.7798492
11 77 -26277333.469546
13 77 -113241.788132668
14 77  46233427.4484477
16 77  15938821.5679821
17 77 -19945706.4289719
73 77  1.78813934326172e-07
74 77 -53993773.3970172
76 77  5.96046447753906e-08
77 77  94998878.35919569
80 77 -40983760.9411979
136 77  15825579.779849
137 77 -27716439.9251631
139 77  113241.788132608
140 77  48765450.874887
142 77 -15938821.5679821
143 77 -21038054.5134864
12 78 -0.00475900207422214
15 78  0.00021147400994493
18 78 -0.00438561159284884
75 78 -0.0119534090028965
78 78  0.0369313132403883
81 78 -0.00756705736720265
138 78 -0.00488571227403267
141 78  0.000858195582970678
144 78 -0.00444164423511542
13 79 -12945183.5569018
14 79 -15938821.5679821
16 79 -30781382.2300578
17 79  152273.895347834
19 79 -17919960.7500163
20 79  16702604.96833
76 79  25218220.9895397
79 79  59964518.6097913
80 79 -4.17232513427734e-07
82 79  34909472.5818841
83 79  1.78813934326172e-07
139 79 -12273037.4490337
140 79  15938821.5679823
142 79 -29183136.3508078
143 79 -152273.895348012
145 79 -16989511.8443974
146 79 -16702604.9683298
13 80 -16199493.1463152
14 80 -19945706.4289719
16 80 -152273.895347655
17 80  35200281.867171
19 80  16351767.0416638
20 80 -15240943.2915443
76 80 -1.78813934326172e-07
77 80 -40983760.9411979
79 80 -4.17232513427734e-07
80 80  72328345.10741711
82 80 -1.78813934326172e-07
83 80 -31316573.2443669
139 80  16199493.1463154
140 80 -21038054.5134865
142 80  152273.895348072
143 80  37128063.1986001
145 80 -16351767.0416636
146 80 -16075629.9579562
15 81 -0.00438561159284881
18 81 -0.00352018085139021
21 81 -0.00442169283896532
78 81 -0.00756705736720265
81 81  0.0352900435572028
84 81 -0.0036970643207621
141 81 -0.00444164423511542
144 81 -0.00283664274487805
147 81 -0.00440893044934232
16 82 -17919960.7500163
17 82 -16351767.0416637
19 82 -42787732.9109461
20 82  204715.725036979
22 82 -25018720.9693131
23 82  17379513.5267003
79 82  34909472.5818841
80 82 -1.78813934326172e-07
82 82  83353820.3933754
85 82  48738407.7473071
86 82 -1.19209289550781e-07
142 82 -16989511.8443974
143 82  16351767.0416637
145 82 -40566087.4602425
146 82 -204715.725036979
148 82 -23719686.7876513
149 82 -17379513.5267003
16 83 -16702604.96833
17 83 -15240943.2915442
19 83 -204715.725036979
20 83  27003541.2198484
22 83  16907320.6933672
23 83 -11744845.3592522
79 83  1.78813934326172e-07
80 83 -31316573.2443669
83 83  55485960.497787
86 83 -24132909.8081263
142 83  16702604.9683298
143 83 -16075629.9579564
145 83  204715.725036979
146 83  28482419.2260462
148 83 -16907320.6933672
149 83 -12388064.4586535
18 84 -0.00442169283896529
21 84 -0.00781902935637574
24 84 -0.00490218970167369
81 84 -0.0036970643207621
84 84  0.0370447437535197
87 84  6.240451106212e-05
144 84 -0.00440893044934232
147 84 -0.00702887421066786
150 84 -0.00481475167781567
19 85 -25018720.9693131
20 85 -16907320.6933671
22 85 -55650948.3396056
23 85  256145.387895226
25 85 -30758542.5234458
26 85  18191214.4695961
82 85  48738407.7473071
85 85  108412361.127625
86 85 -3.57627868652344e-07
88 85  59920025.0540528
89 85  2.38418579101563e-07
145 85 -23719686.7876513
146 85  16907320.6933672
148 85 -52761412.7697845
149 85 -256145.387895346
151 85 -29161482.5391842
152 85 -18191214.4695957
19 86 -17379513.5267001
20 86 -11744845.359252
22 86 -256145.387894869
23 86  22196238.618378
25 86  17635658.9145963
26 86 -10430079.8261085
82 86 -1.19209289550781e-07
83 86 -24132909.8081263
85 86 -3.57627868652344e-07
86 86  45608078.2050862
88 86 -2.38418579101563e-07
89 86 -21431374.18861
145 86  17379513.5267003
146 86 -12388064.4586535
148 86  256145.387895226
149 86  23411839.5227753
151 86 -17635658.9145961
152 86 -11001294.3756229
21 87 -0.00490218970167366
24 87 -0.0118882944124837
27 87 -0.00549231352769994
84 87  6.240451106212e-05
87 87  0.0410896915289856
90 87  0.00227375320602488
147 87 -0.0048147516778157
150 87 -0.010955229150711
153 87 -0.00535553507225137
22 88 -30758542.5234458
23 88 -17635658.9145962
25 88 -62955112.730401
26 88  277921.332305312
28 88 -32189340.6351413
29 88  19024691.3585676
85 88  59920025.0540528
86 88 -2.38418579101563e-07
88 88  122641439.537395
89 88  2.38418579101563e-07
91 88  62707330.6825545
92 88 -1.19209289550781e-07
148 88 -29161482.5391842
149 88  17635658.9145961
151 88 -59686326.7894409
152 88 -277921.332304716
154 88 -30517990.0563893
155 88 -19024691.3585677
22 89 -18191214.469596
23 89 -10430079.8261084
25 89 -277921.332305193
26 89  21367867.1839095
28 89  18469135.8019011
29 89 -10915713.1399832
85 89  2.38418579101563e-07
86 89 -21431374.18861
88 89  2.38418579101563e-07
89 89  43905968.6903086
92 89 -22429237.0469611
148 89  18191214.4695958
149 89 -11001294.375623
151 89  277921.332304955
152 89  22538101.4351393
154 89 -18469135.8019011
155 89 -11513523.9207098
24 90 -0.00549231352769994
27 90 -0.0139375272921523
30 90 -0.00574781562674062
87 90  0.00227375320602488
90 90  0.0444127774434295
93 90  0.00237932162334389
150 90 -0.00535553507225139
153 90 -0.0129098430305653
156 90 -0.00560467788167623
25 91 -32189340.6351413
26 91 -18469135.8019011
28 91 -65816387.1414628
29 91  277909.114945412
31 91 -33620131.5618703
32 91  19858156.0285133
88 91  62707330.6825545
91 91  128215423.880603
92 91 -2.38418579101563e-07
94 91  65494622.314184
95 91  1.19209289550781e-07
151 91 -30517990.0563893
152 91  18469135.8019011
154 91 -62399036.720789
155 91 -277909.114945531
157 91 -31874490.7616887
158 91 -19858156.0285132
25 92 -19024691.3585675
26 92 -10915713.1399831
28 92 -277909.114945054
29 92  22338151.849791
31 92  19302600.4735138
32 92 -11401325.1710205
88 92 -1.19209289550781e-07
89 92 -22429237.0469611
91 92 -2.38418579101563e-07
92 92  45899676.7096579
95 92 -23427056.17406
151 92  19024691.3585676
152 92 -11513523.9207098
154 92  277909.114945292
155 92  23561524.7853686
157 92 -19302600.4735138
158 92 -12025731.0173815
27 93 -0.00574781562674059
30 93 -0.0145712257274724
33 93 -0.00600331580925206
90 93  0.00237932162334389
93 93  0.0464308230770678
96 93  0.00248489776069828
153 93 -0.00560467788167629
156 93 -0.013496838099763
159 93 -0.00585381867235871
28 94 -33620131.5618703
29 94 -19302600.4735137
31 94 -68677674.5727663
32 94  277898.393121481
34 94 -35050916.4473176
35 94  20691609.9766355
91 94  65494622.314184
94 94  133789433.588251
95 94 -2.38418579101563e-07
97 94  68281902.1769276
98 94  1.19209289550781e-07
154 94 -31874490.7616887
155 94  19302600.4735138
157 94 -65111758.996336
158 94 -277898.393121481
160 94 -33230985.7393842
161 94 -20691609.9766351
28 95 -19858156.0285133
29 95 -11401325.1710204
31 95 -277898.393121243
32 95  23308476.6303947
34 95  20136054.4216355
35 95 -11886918.4342383
91 95  1.19209289550781e-07
92 95 -23427056.17406
94 95 -2.38418579101563e-07
95 95  47893467.1553771
97 95 -1.19209289550781e-07
98 95 -24424836.7376801
154 95  19858156.0285132
155 95 -12025731.0173815
157 95  277898.393121481
158 95  24584990.4472452
160 95 -20136054.4216354
161 95 -12537918.3183939
30 96 -0.00600331580925204
33 96 -0.0152049170181533
36 96 -0.00625881433310363
93 96  0.00248489776069828
96 96  0.0484488979019753
99 96  0.0025904807906449
156 96 -0.00585381867235871
159 96 -0.0140838256360291
162 96 -0.0061029577121994
31 97 -35050916.4473176
32 97 -20136054.4216352
34 97 -71538973.7596803
35 97  277888.933473468
37 97 -36481696.0304744
38 97  21525054.4667753
94 97  68281902.1769276
95 97 -1.19209289550781e-07
97 97  139363466.196738
98 97 -2.38418579101563e-07
100 97  71069171.7103992
101 97  3.57627868652344e-07
157 97 -33230985.7393842
158 97  20136054.4216354
160 97 -67824492.4171114
161 97 -277888.933473229
163 97 -34587475.6900978
164 97 -21525054.4667751
31 98 -20691609.9766353
32 98 -11886918.4342381
34 98 -277888.933473229
35 98  24278836.6057152
37 98  20969498.910109
38 98 -12372495.1307716
94 98  1.19209289550781e-07
95 98 -24424836.7376801
97 98 -2.38418579101563e-07
98 98  49887329.9180064
100 98 -1.19209289550781e-07
101 98 -25422583.2606387
157 98  20691609.9766352
158 98 -12537918.3183939
160 98  277888.933473468
161 98  25608493.2313154
163 98 -20969498.9101089
164 98 -13050088.1454296
33 99 -0.0062588143331036
36 99 -0.015838602114722
39 99 -0.00651431139639322
96 99  0.0025904807906449
99 99  0.0504669985145825
102 99  0.00269606991293934
159 99 -0.0061029577121994
162 99 -0.0146708066330943
165 99 -0.00635209520990182
34 100 -36481696.0304744
35 100 -20969498.9101089
37 100 -74400283.06268691
38 100  277880.544406176
40 100 -37912470.5938103
41 100  22358490.5661818
97 100  71069171.7103992
98 100 -1.19209289550781e-07
100 100  144937518.512159
103 100  73856431.46487001
104 100  2.38418579101563e-07
160 100 -34587475.6900978
161 100  20969498.910109
163 100 -70537235.4287276
164 100 -277880.544406176
166 100 -35943960.8816319
167 100 -22358490.5661814
34 101 -21525054.4667753
35 101 -12372495.1307716
37 101 -277880.544405937
38 101  25249227.8080715
40 101  21802935.011182
41 101 -12858057.2426711
97 101  3.57627868652344e-07
98 101 -25422583.2606387
101 101  51881256.8448901
103 101 -1.19209289550781e-07
104 101 -26420299.8155864
160 101  21525054.4667749
161 101 -13050088.1454296
163 101  277880.544405937
164 101  26632028.9526037
166 101 -21802935.0111818
167 101 -13562242.589088
36 102 -0.00651431139639319
39 102 -0.0164722816434822
42 102 -0.00676980713638245
99 102  0.00269606991293934
102 102  0.0524851218453457
105 102  0.00280166429659238
162 102 -0.00635209520990182
165 102 -0.0152577817602939
168 102 -0.00660123131494542
37 103 -37912470.5938103
38 103 -21802935.0111818
40 103 -71398411.1867342
41 103  257728.383644819
43 103 -33348777.5330372
44 103  23088411.7831591
100 103  73856431.46487001
101 103 -1.19209289550781e-07
103 103  139089639.412467
106 103  64966003.628763
107 103 -1.19209289550781e-07
163 103 -35943960.8816319
164 103  21802935.0111818
166 103 -67691228.2022891
167 103 -257728.383644462
169 103 -31617226.1085981
170 103 -23088411.7831591
37 104 -22358490.5661817
38 104 -12858057.2426709
40 104 -257728.383644462
41 104  28532659.3636975
43 104  22616218.9498265
44 104 -15657922.5698642
100 104  2.38418579101563e-07
101 104 -26420299.8155864
104 104  58627940.6176529
106 104 -2.38418579101563e-07
107 104 -32173368.1119535
163 104  22358490.5661814
164 104 -13562242.589088
166 104  257728.383644462
167 104  30095281.1719935
169 104 -22616218.9498262
170 104 -16515445.5551238
39 105 -0.00676980713638242
42 105 -0.0152253906204841
45 105 -0.00653451243124809
102 105  0.00280166429659238
105 105  0.052707767280614
108 105  8.211333265883799e-05
165 105 -0.00660123131494542
168 105 -0.01402893007874
171 105 -0.00641797829842403
40 106 -33348777.5330372
41 106 -22616218.9498264
43 106 -58953204.1337821
44 106  206603.673451304
46 106 -25447606.2633532
47 106  23645853.3832777
103 106  64966003.628763
104 106 -2.38418579101563e-07
106 106  114845411.398933
107 106 -3.57627868652344e-07
109 106  49573909.5368445
166 106 -31617226.1085981
167 106  22616218.9498262
169 106 -55892207.2344863
170 106 -206603.673451304
172 106 -24126303.2912841
173 106 -23645853.3832777
40 107 -23088411.7831591
41 107 -15657922.569864
43 107 -206603.673450947
44 107  37316556.6818862
46 107  23295015.4566121
47 107 -21645671.2919673
103 107 -1.19209289550781e-07
104 107 -32173368.1119535
106 107 -3.57627868652344e-07
107 107  76676794.83589169
109 107 -2.38418579101563e-07
110 107 -44476791.0667636
166 107  23088411.7831593
167 107 -16515445.5551239
169 107  206603.673451304
170 107  39360238.0825722
172 107 -23295015.4566119
173 107 -22831119.7820859
42 108 -0.00653451243124803
45 108 -0.0107344071654263
48 108 -0.00627927196399083
105 108  8.211333265883799e-05
108 108  0.0510530723021976
111 108 -0.00525102759372528
168 108 -0.00641797829842405
171 108 -0.0096461862812382
174 108 -0.00626116219470713
43 109 -25447606.2633532
44 109 -23295015.4566119
46 109 -44810878.1010866
47 109  153328.242740631
49 109 -19277078.0950187
50 109  24059853.2043527
106 109  49573909.5368445
107 109 -2.38418579101563e-07
109 109  87295064.06612159
110 109 -1.19209289550781e-07
112 109  37553242.3542666
113 109 -1.19209289550781e-07
169 109 -24126303.2912841
170 109  23295015.4566119
172 109 -42484185.922827
173 109 -153328.242740512
175 109 -18276164.283663
176 109 -24059853.2043529
43 110 -23645853.3832777
44 110 -21645671.2919672
46 110 -153328.242740631
47 110  51358999.7866938
49 110  23799181.6260196
50 110 -29703921.6111084
107 110 -44476791.0667636
109 110 -1.19209289550781e-07
110 110  105530730.547998
113 110 -61034610.4642086
169 110  23645853.3832777
170 110 -22831119.7820859
172 110  153328.24274075
173 110  54171730.7006996
175 110 -23799181.6260196
176 110 -31330688.8549768
45 111 -0.00627927196399081
48 111 -0.00509568036136893
51 111 -0.00653090713864496
108 111 -0.00525102759372528
111 111  0.0514097422496762
114 111 -0.011269122127807
171 111 -0.00626116219470713
174 111 -0.00410048875483252
177 111 -0.00661435809908878
46 112 -19277078.0950187
47 112 -23799181.6260196
49 112 -33851331.9730949
50 112  113830.075507641
52 112 -14526819.7174376
53 112  24367361.5165275
109 112  37553242.3542666
112 112  65945018.7025437
113 112 -8.34465026855469e-07
115 112  28299370.8130388
116 112  1.19209289550781e-07
172 112 -18276164.283663
173 112  23799181.6260198
175 112 -32093686.6717052
176 112 -113830.075508237
178 112 -13772551.1289299
179 112 -24367361.5165274
46 113 -24059853.2043525
47 113 -29703921.6111083
49 113 -113830.075507402
50 113  70259851.7530975
52 113  24173683.2798615
53 113 -40549059.7067025
109 113 -1.19209289550781e-07
110 113 -61034610.4642086
112 113 -8.34465026855469e-07
113 113  144367559.979535
115 113 -5.96046447753906e-07
116 113 -83318832.3238049
172 113  24059853.2043526
173 113 -31330688.8549768
175 113  113830.075508237
176 113  74107708.17203189
178 113 -24173683.2798609
179 113 -42769772.6135399
48 114 -0.0065309071386449
51 114  0.000344299443348246
54 114 -0.0073435228500619
111 114 -0.011269122127807
114 114  0.0560777665036001
117 114 -0.0184453561041892
174 114 -0.00661435809908884
177 114  0.0013258951214007
180 114 -0.00753905189419843
49 115 -14526819.7174376
50 115 -24173683.2798613
52 115 -25458945.1929282
53 115  84526.6168479919
55 115 -10905998.819881
56 115  24595790.5117096
112 115  28299370.8130388
113 115 -5.96046447753906e-07
115 115  49595998.7453623
116 115 -8.34465026855469e-07
118 115  21245731.0274223
119 115  1.19209289550781e-07
175 115 -13772551.1289299
176 115  24173683.2798611
178 115 -24137053.4737809
179 115 -84526.6168487072
181 115 -10339732.2528663
182 115 -24595790.5117093
49 116 -24367361.5165275
50 116 -40549059.7067025
52 116 -84526.6168479919
53 116  95699303.7601562
55 116  24451888.1333765
56 116 -55145202.9895375
112 116  1.19209289550781e-07
113 116 -83318832.3238049
115 116 -8.34465026855469e-07
116 116  196639682.967125
118 116 -4.76837158203125e-07
119 116 -113310492.395451
175 116  24367361.5165274
176 116 -42769772.6135404
178 116  84526.61684882639
179 116  100940379.154306
181 116 -24451888.133376
182 116 -58165289.3964713
51 117 -0.00734352285006176
54 117  0.00597271940395813
57 117 -0.00880687750314291
114 117 -0.0184453561041892
117 117  0.0656598931137298
120 117 -0.0273835561341466
177 117 -0.00753905189419843
180 117  0.00702394903023168
183 117 -0.009134055918888049
52 118 -10905998.819881
53 118 -24451888.1333765
55 118 -19085688.8210725
56 118  62776.9460119009
58 118 -8165290.63845435
59 118  24765486.5143884
115 118  21245731.0274223
116 118 -4.76837158203125e-07
118 118  37180401.3421543
119 118 -4.76837158203125e-07
121 118  15906619.0300681
122 118  1.19209289550781e-07
178 118 -10339732.2528663
179 118  24451888.1333761
181 118 -18094712.4142858
182 118 -62776.9460121393
184 118 -7741328.45308468
185 118 -24765486.5143888
52 119 -24595790.5117093
53 119 -55145202.9895372
55 119 -62776.9460117817
56 119  129938832.544539
58 119  24658567.4577228
59 119 -74789918.42371459
115 119  1.19209289550781e-07
116 119 -113310492.395451
118 119 -4.76837158203125e-07
119 119  266993905.192166
121 119 -4.76837158203125e-07
122 119 -153675787.259496
178 119  24595790.5117092
179 119 -58165289.3964713
181 119  62776.9460122585
182 119  137055072.592204
184 119 -24658567.4577223
185 119 -78885868.8195314
54 120 -0.008806877503142799
57 120  0.0122367072922047
60 120 -0.0110607308129788
117 120 -0.0273835561341466
120 120  0.0811116078483667
123 120 -0.0388594687375747
180 120 -0.009134055918888049
183 120  0.0134497541073101
186 120 -0.0115503310916155
55 121 -8165290.63845435
56 121 -24658567.4577228
58 121 -14274334.2418212
59 121  46629.0258414745
61 121 -6101104.09856722
62 121  24891556.0935633
118 121  15906619.0300681
119 121 -4.76837158203125e-07
121 121  27807509.7102244
122 121  4.76837158203125e-07
124 121  11885423.6250443
125 121 -1.19209289550781e-07
181 121 -7741328.45308468
182 121  24658567.4577225
184 121 -13533175.3237307
185 121 -46629.0258411169
187 121 -5784319.60967878
188 121 -24891556.0935633
55 122 -24765486.5143888
56 122 -74789918.4237161
58 122 -46629.0258414745
59 122  176022230.870937
61 122  24812115.5402303
62 122 -101229573.750535
118 122  1.19209289550781e-07
119 122 -153675787.259496
121 122  4.76837158203125e-07
122 122  361684508.771885
124 122  2.38418579101563e-07
125 122 -208003094.10849
181 122  24765486.5143887
182 122 -78885868.8195314
184 122  46629.0258409977
185 122  185662277.837894
187 122 -24812115.5402305
188 122 -106773520.33339
57 123 -0.0110607308129786
60 123  0.0196637334979298
63 123 -0.0143107834213849
120 123 -0.0388594687375747
123 123  0.103863753274447
126 123 -0.0538828738476467
183 123 -0.0115503310916155
186 123  0.0211466912226882
189 123 -0.0150077397562909
58 124 -6101104.09856722
59 124 -24812115.54023
61 124 -10657529.7875705
62 124  34637.6020845175
121 124  11885423.6250443
122 124  2.38418579101563e-07
124 124  20761694.3293843
184 124 -5784319.60967878
185 124  24812115.5402305
187 124 -10104164.3461632
188 124 -34637.6020841599
58 125 -24891556.0935632
59 125 -101229573.750533
61 125 -34637.6020843983
62 125  238046185.478438
121 125 -1.19209289550781e-07
122 125 -208003094.10849
125 125  489129226.644632
184 125  24891556.0935633
185 125 -106773520.33339
187 125  34637.6020843983
188 125  251083041.089906
60 126 -0.0143107834213847
63 126  0.0288978210516067
123 126 -0.0538828738476467
126 126  0.135970526707562
186 126 -0.0150077397562909
189 126  0.0307836198481477
64 127 -6123285.70827469
65 127  34581.4703950882
67 127 -3525746.98485079
68 127  15187758.7329759
127 127  11928635.3244063
128 127  1.78813934326172e-07
130 127  6868428.36953259
131 127 -3.57627868652344e-07
190 127 -5805349.49113864
191 127 -34581.4703945518
193 127 -3342681.43817364
194 127 -15187758.7329764
64 128 -34581.4703950882
65 128  152078709.685712
67 128  15108318.1796432
68 128 -65081667.2288158
127 128  1.78813934326172e-07
128 128  312486173.681744
130 128  1.78813934326172e-07
131 128 -133727602.045537
190 128  34581.4703949094
191 128  160407463.948005
193 128 -15108318.1796433
194 128 -68645934.8007226
66 129  0.018644089671037
69 129 -0.00914770078153565
129 129  0.0865114711931452
132 129 -0.034745085732528
192 129  0.0198393917393881
195 129 -0.00959853012679829
64 130 -3525746.98485079
65 130 -15108318.179643
67 130 -8307368.01163167
68 130  46527.8110077381
70 130 -4789081.46133128
71 130  15341205.600651
127 130  6868428.36953259
128 130  1.78813934326172e-07
130 130  16183396.9179856
131 130 -7.15255737304688e-07
133 130  9329501.869281471
134 130  5.96046447753906e-08
190 130 -3342681.43817364
191 130  15108318.1796435
193 130 -7876028.81275108
194 130 -46527.8110081553
196 130 -4540420.4480612
197 130 -15341205.600651
64 131 -15187758.732976
65 131 -65081667.2288158
67 131 -46527.8110077381
68 131  113887441.043808
70 131  15234286.5439847
71 131 -48801074.7615185
127 131 -3.57627868652344e-07
128 131 -133727602.045537
130 131 -7.15255737304688e-07
131 131  234012050.446354
133 131 -2.38418579101563e-07
134 131 -100274792.931838
190 131  15187758.7329764
191 131 -68645934.8007236
193 131  46527.8110084534
194 131  120124609.362712
196 131 -15234286.5439845
197 131 -51473718.1594377
66 132 -0.00914770078153559
69 132  0.0129693040979114
72 132 -0.0071454157876682
129 132 -0.034745085732528
132 132  0.0667201797184953
135 132 -0.0254962526205806
192 132 -0.00959853012679851
195 132  0.0139159817413393
198 132 -0.00746861660565179
67 133 -4789081.46133128
68 133 -15234286.5439847
70 133 -11300515.2771709
71 133  62594.6767756939
